Name: Worship Centre
Number: 515

Model: Landmarks/Buildings/515/515
Texture: Landmarks/Buildings/515/tex
WorldPos: 19.06163, 0, -13.52218
LatLong: -32.0670370415077, 115.831732869381
Y: 0
Scale: 1, 3, 1

Entrance: -32.066851, 115.831731