Name: Drama Centre
Number: 411
Entrance: -32.065357, 115.833504